84846131
84855163
84855264
84855349
84855319
84855543
84855602
84856192
84856331
84856391
84857301
84857135
84857206
84857583
84858203
84858391
84859043
84859413
84860289
84860631
84860736
84861265
84861719
84861793
84862414
84863043
84862773
84861803
84868927
84868438
84868271
84868240
84868227
84868109
84867866
84867679
84867659
84863734
84867454
84867132
84866649
84866474
84866362
84866263
84331013
84865359
84865335
84865083
84864858
84864562
84863895
84863596
84863531
84863292
84863271
84864831
84861957
84861787
84861474
84861223
84854014
84848764
84848364
84848352
84846141
84843789
84843223
84843585
84843254
84842829
84841993
84841776
84841619
84841468
84841245
84840556
84839769
84839185
84839033
84838951
84838311
84837731
84837742
84837679
84837458
84837384
84837022
84836222
84835749
84835560
84835559
84834982
84834546
84834543
84834523
84834450
84834425
84834018
84833754
84833168
84832794
84832559
84832485
84707750
84832023
84831978
84831317
84831416
84830353
84831383
84831300
84830744
84688597
84830331
84830312
84829602
84828203
84838837
